##  Muv   phi_mean phi_low phi_high  z
######## z = 6 
-1.951e+1 1.207e-3 4.140e-4 2.345e-3 6.
-1.903e+1 1.210e-3 4.467e-4 2.625e-3 6.
-1.852e+1 1.354e-3 5.001e-4 4.251e-3 6.
-1.803e+1 6.162e-3 3.414e-3 9.595e-3 6.
-1.758e+1 8.931e-3 5.528e-3 1.391e-2 6.
-1.701e+1 2.516e-2 1.676e-2 3.257e-2 6.
-1.653e+1 2.816e-2 1.948e-2 3.647e-2 6.
-1.602e+1 4.910e-2 3.039e-2 7.645e-2 6.
-1.551e+1 1.238e-1 6.371e-2 1.927e-1 6.
-1.502e+1 1.287e-1 5.931e-2 2.794e-1 6.
-1.451e+1 1.551e-1 2.948e-2 4.359e-1 6.
-1.400e+1 1.940e-1 3.301e-2 6.803e-1 6.
-1.252e+1 2.888e+0 4.914e-1 9.406e+0 6.
######## z = 7 
-1.902e+1 3.946e-4 6.713e-5 1.384e-3 7.
-1.851e+1 1.384e-3 5.301e-4 3.481e-3 7.
-1.802e+1 3.888e-3 1.791e-3 6.518e-3 7.
-1.751e+1 5.835e-3 2.688e-3 9.781e-3 7.
-1.703e+1 1.701e-2 5.623e-3 2.553e-2 7.
-1.652e+1 1.134e-2 5.623e-3 2.959e-2 7.
-1.603e+1 1.640e-2 2.688e-3 4.960e-2 7.
-1.549e+1 1.468e-2 7.281e-3 3.559e-2 7.
-1.504e+1 5.340e-2 1.523e-2 1.077e-1 7.
-1.453e+1 8.315e-2 9.781e-3 2.016e-1 7.
######## z = 8 
-2.051e+1 4.908e-4 8.390e-5 1.593e-3 8.
-1.948e+1 1.593e-3 2.266e-4 3.206e-3 8.
-1.849e+1 2.219e-3 7.918e-4 4.464e-3 8.
-1.798e+1 1.779e-3 3.274e-4 4.148e-3 8.
-1.749e+1 1.779e-3 2.932e-4 5.993e-3 8.
-1.698e+1 6.943e-3 1.278e-3 1.619e-2 8.
-1.650e+1 4.632e-3 7.918e-4 1.560e-2 8.
-1.548e+1 2.811e-2 5.172e-3 6.799e-2 8.
-1.499e+1 3.379e-2 5.776e-3 1.097e-1 8.
