##  Muv   phi_mean phi_low phi_high  z
######## z = 6 
-1.827e+1 3.810e-3 3.054e-3 4.933e-3 6.
-1.776e+1 6.170e-3 4.945e-3 8.288e-3 6.
-1.725e+1 1.076e-2 8.309e-3 1.392e-2 6.
-1.674e+1 1.559e-2 1.001e-2 2.339e-2 6.
-1.626e+1 1.950e-2 1.348e-2 2.926e-2 6.
-1.577e+1 2.932e-2 1.302e-2 6.602e-2 6.
-1.526e+1 4.410e-2 1.887e-2 1.030e-1 6.
-1.475e+1 4.260e-2 8.095e-3 2.160e-1 6.
-1.427e+1 4.269e-2 1.263e-2 1.443e-1 6.
-1.376e+1 3.429e-2 6.515e-3 1.872e-1 6.
-1.327e+1 2.857e-2 1.111e-3 7.082e-1 6.
######## z = 7
-1.826e+1 3.747e-3 2.894e-3 4.852e-3 7.
-1.775e+1 5.835e-3 4.507e-3 7.838e-3 7.
-1.727e+1 1.053e-2 7.017e-3 1.314e-2 7.
-1.676e+1 1.523e-2 1.015e-2 2.371e-2 7.
-1.627e+1 1.972e-2 1.363e-2 2.749e-2 7.
-1.576e+1 2.852e-2 1.266e-2 6.422e-2 7.
-1.525e+1 4.280e-2 1.832e-2 1.000e-1 7.
-1.477e+1 4.125e-2 7.838e-3 2.092e-1 7.
-1.426e+1 4.125e-2 1.221e-2 1.394e-1 7.
-1.375e+1 3.305e-2 6.282e-3 1.805e-1 7.
-1.326e+1 2.749e-2 1.069e-3 6.813e-1 7.









