##  Muv   phi_mean phi_low phi_high  z
######## z = 6 
-2.072e+1 1.969e-4 9.909e-6 3.968e-4 6.
-2.026e+1 8.956e-4 4.963e-4 1.295e-3 6.
-1.975e+1 6.682e-4 2.967e-4 1.079e-3 6.
-1.927e+1 1.814e-3 1.209e-3 2.348e-3 6.
-1.878e+1 3.664e-3 2.728e-3 4.572e-3 6.
-1.827e+1 5.933e-3 4.416e-3 7.682e-3 6.
-1.776e+1 7.699e-3 5.130e-3 8.921e-3 6.
-1.728e+1 1.075e-2 8.619e-3 1.392e-2 6.
-1.626e+1 1.451e-2 8.983e-3 2.524e-2 6.
-1.577e+1 4.241e-2 2.724e-2 5.292e-2 6.
-1.475e+1 8.276e-2 6.162e-2 1.112e-1 6.
-1.427e+1 1.074e-1 6.407e-2 1.672e-1 6. 
-1.376e+1 1.294e-1 5.338e-2 3.138e-1 6.
-1.327e+1 1.503e-1 3.838e-2 5.676e-1 6.
-1.276e+1 1.622e-1 2.381e-2 1.065e+0 6.
######## z = 7 
-2.168e+1 3.209e-5 2.389e-5 4.005e-5 7.
-2.117e+1 4.642e-5 3.209e-5 6.010e-5 7.
-2.068e+1 1.886e-4 1.512e-4 2.354e-4 7.
-2.017e+1 3.048e-4 2.442e-4 3.803e-4 7.
-1.969e+1 6.615e-4 5.301e-4 8.254e-4 7.
-1.918e+1 8.886e-4 7.121e-4 1.151e-3 7.
-1.867e+1 1.664e-3 1.239e-3 2.235e-3 7.
-1.794e+1 5.835e-3 4.507e-3 7.281e-3 7.
-1.695e+1 8.439e-3 5.623e-3 1.221e-2 7.
######## z = 8
-2.137e+1 1.332e-5 8.258e-6 1.856e-5 8.
-2.085e+1 5.807e-5 4.326e-5 7.513e-5 8.
-2.034e+1 6.024e-5 3.469e-5 9.030e-5 8.
-1.986e+1 3.397e-4 2.530e-4 4.559e-4 8.
-1.935e+1 5.282e-4 3.156e-4 7.632e-4 8.
-1.862e+1 1.063e-3 7.356e-4 1.427e-3 8.
-1.760e+1 2.767e-3 1.987e-3 3.853e-3 8.





