##  Muv   phi_mean phi_low phi_high  z
######## z = 6 
-2.126e+1 7.525e-5 5.014e-5 9.744e-5 6.
-2.051e+1 3.303e-4 2.552e-4 3.972e-4 6.
-2.002e+1 7.455e-4 5.549e-4 9.303e-4 6.
-1.951e+1 1.253e-3 9.674e-4 1.622e-3 6.
-1.903e+1 2.351e-3 1.815e-3 3.158e-3 6.
-1.852e+1 2.444e-3 1.888e-3 3.165e-3 6.
-1.803e+1 5.517e-3 4.261e-3 7.142e-3 6.
-1.749e+1 7.429e-3 5.530e-3 1.035e-2 6.
-1.701e+1 1.344e-2 9.639e-3 1.873e-2 6.
-1.650e+1 2.342e-2 1.561e-2 3.146e-2 6.
-1.602e+1 2.435e-2 1.208e-2 4.732e-2 6.
-1.526e+1 7.125e-2 3.534e-2 1.069e-1 6.
-1.427e+1 2.165e-1 7.705e-2 4.876e-1 6.
-1.325e+1 NAN      NAN      1.232e+0 6.
######## z = 7
-2.127e+1 7.227e-5 5.792e-5 1.007e-4 7. 
-2.052e+1 3.162e-4 2.442e-4 4.094e-4 7.
-2.001e+1 7.121e-4 5.707e-4 8.886e-4 7.
-1.953e+1 1.239e-3 9.926e-4 1.490e-3 7.
-1.902e+1 2.319e-3 1.929e-3 3.003e-3 7.
-1.853e+1 2.407e-3 1.929e-3 3.003e-3 7.
-1.810e+1 5.420e-3 3.747e-3 7.017e-3 7.
-1.754e+1 7.554e-3 5.835e-3 9.085e-3 7.
-1.703e+1 1.314e-2 1.053e-2 1.701e-2 7.
-1.652e+1 2.285e-2 1.701e-2 3.070e-2 7.
-1.603e+1 2.461e-2 1.176e-2 3.559e-2 7.
-1.528e+1 6.914e-2 3.186e-2 1.000e-1 7.
-1.426e+1 2.016e-1 6.190e-2 4.711e-1 7.
-1.326e+1 NAN      NAN      1.230e+0 7.
######## z = 8
-2.150e+1 1.925e-5 4.583e-6 6.728e-5 8.
-2.099e+1 4.170e-5 1.434e-5 9.720e-5 8.
-2.051e+1 1.046e-4 6.728e-5 1.568e-4 8.
-1.999e+1 2.530e-4 1.751e-4 3.397e-4 8.
-1.948e+1 4.236e-4 3.156e-4 5.686e-4 8.
-1.897e+1 1.375e-3 1.024e-3 1.779e-3 8.
-1.825e+1 4.730e-4 2.184e-4 9.174e-4 8.
-1.723e+1 1.480e-3 5.282e-4 3.451e-3 8.
-1.623e+1 1.206e-2 5.366e-3 2.339e-2 8.
-1.524e+1 NAN      NAN      4.061e-2 8.
-1.422e+1 NAN      NAN      2.465e-1 8.


